Key map data
------------

There is one line per virtual key code on the PC keyboard.  Each line
contains Beeb key info (row, col, shift_state) for an unshifted key press
and a shifted key press.

Special values for row, col are:

-2      break key
-3, -3  sound tuning key -
-3, -4  sound tuning key +
-9      ignore key press

Data for default key mapping:

-9 0 0 -9 0 1 // 0
-9 0 0 -9 0 1 
-9 0 0 -9 0 1 
-9 0 0 -9 0 1 
-9 0 0 -9 0 1 // 4
-9 0 0 -9 0 1 
-9 0 0 -9 0 1 
-9 0 0 -9 0 1 
5 9 0 5 9 1  // [BS]
6 0 0 6 0 1  // [TAB]
-9 0 0 -9 0 1 
-9 0 0 -9 0 1 
-9 0 0 -9 0 1 // 12
4 9 0 4 9 1  // [RET]
-9 0 0 -9 0 1 
-9 0 0 -9 0 1 
0 0 0 0 0 1  // 16
0 1 0 0 1 1  // CTRL
-9 0 0 -9 0 1 
-2 -2 0 -2 -2 1 // BREAK
4 0 0 4 0 1  // CAPS
-9 0 0 -9 0 1 
-9 0 0 -9 0 1 
-9 0 0 -9 0 1 
-9 0 0 -9 0 1 // 24
-9 0 0 -9 0 1 
-9 0 0 -9 0 1 
7 0 0 7 0 1  // ESC
-9 0 0 -9 0 1 // 28
-9 0 0 -9 0 1 
-9 0 0 -9 0 1 
-9 0 0 -9 0 1 
6 2 0 6 2 1  // SPACE
-3 -3 0 -3 -3 1 // PC - PGUP
-3 -4 0 -3 -4 1 // PC - PGDN
6 9 0 6 9 1  // [END]
-9 0 0 -9 0 1 // 36
1 9 0 1 9 1  // [LEFT]
3 9 0 3 9 1  // [UP]
7 9 0 7 9 1  // [RIGHT]
2 9 0 2 9 1  // [DOWN]
-9 0 0 -9 0 1 
-9 0 0 -9 0 1 
-9 0 0 -9 0 1 
-9 0 0 -9 0 1 // 44
-9 0 0 -9 0 1 
5 9 0 5 9 1  // [DEL]
-9 0 0 -9 0 1 
2 7 0 2 7 1  // 0
3 0 0 3 0 1  // 1
3 1 0 3 1 1  // 2
1 1 0 1 1 1  // 3
1 2 0 1 2 1  // 4
1 3 0 1 3 1  // 5
3 4 0 3 4 1  // 6
2 4 0 2 4 1  // 7
1 5 0 1 5 1  // 8
2 6 0 2 6 1  // 9
-9 0 0 -9 0 1 
-9 0 0 -9 0 1 
-9 0 0 -9 0 1 // 60
-9 0 0 -9 0 1 
-9 0 0 -9 0 1 
-9 0 0 -9 0 1 
-9 0 0 -9 0 1 // 64
4 1 0 4 1 1  // A
6 4 0 6 4 1  // B
5 2 0 5 2 1  // C
3 2 0 3 2 1  // D
2 2 0 2 2 1  // E
4 3 0 4 3 1  // F
5 3 0 5 3 1  // G
5 4 0 5 4 1  // H
2 5 0 2 5 1  // I
4 5 0 4 5 1  // J
4 6 0 4 6 1  // K
5 6 0 5 6 1  // L
6 5 0 6 5 1  // M
5 5 0 5 5 1  // N
3 6 0 3 6 1  // O
3 7 0 3 7 1  // P
1 0 0 1 0 1  // Q
3 3 0 3 3 1  // R
5 1 0 5 1 1  // S
2 3 0 2 3 1  // T
3 5 0 3 5 1  // U
6 3 0 6 3 1  // V
2 1 0 2 1 1  // W
4 2 0 4 2 1  // X
4 4 0 4 4 1  // Y
6 1 0 6 1 1  // Z
-9 0 0 -9 0 1 
-9 0 0 -9 0 1 // 92
6 2 0 6 2 1  // SPACE
-9 0 0 -9 0 1 
-9 0 0 -9 0 1 
-9 0 0 -9 0 1 // Keypad 0
-9 0 0 -9 0 1 // Keypad 1
-9 0 0 -9 0 1 // Keypad 2
-9 0 0 -9 0 1 // Keypad 3
-9 0 0 -9 0 1 // Keypad 4
-9 0 0 -9 0 1 // Keypad 5
-9 0 0 -9 0 1 // Keypad 6
-9 0 0 -9 0 1 // Keypad 7
-9 0 0 -9 0 1 // Keypad 8
-9 0 0 -9 0 1 // Keypad 9
-9 0 0 -9 0 1 // Keypad *
-4 0 0 -4 0 1 // Keypad +
-9 0 0 -9 0 1 // 108
-4 1 0 -4 1 1 // Keypad -
-9 0 0 -9 0 1 // Keypad .
-9 0 0 -9 0 1 // Keypad /
7 1 0 7 1 1  // F1
7 2 0 7 2 1  // F2
7 3 0 7 3 1  // F3
1 4 0 1 4 1  // F4
7 4 0 7 4 1  // F5
7 5 0 7 5 1  // F6
1 6 0 1 6 1  // F7
7 6 0 7 6 1  // F8
7 7 0 7 7 1  // F9
2 0 0 2 0 1  // F10
2 0 0 2 0 1  // F11
-2 -2 0 -2 -2 1 // F12
-9 0 0 -9 0 1 // 124
-9 0 0 -9 0 1 
-9 0 0 -9 0 1 
-9 0 0 -9 0 1 
-9 0 0 -9 0 1 // 128
-9 0 0 -9 0 1 
-9 0 0 -9 0 1 
-9 0 0 -9 0 1 
-9 0 0 -9 0 1 // 132
-9 0 0 -9 0 1 
-9 0 0 -9 0 1 
-9 0 0 -9 0 1 
-9 0 0 -9 0 1 // 136
-9 0 0 -9 0 1 
-9 0 0 -9 0 1 
-9 0 0 -9 0 1 
-9 0 0 -9 0 1 
-9 0 0 -9 0 1 
-9 0 0 -9 0 1 
-9 0 0 -9 0 1 
-9 0 0 -9 0 1 
-9 0 0 -9 0 1 
-9 0 0 -9 0 1 
-9 0 0 -9 0 1 
-9 0 0 -9 0 1 // 148
-9 0 0 -9 0 1 
-9 0 0 -9 0 1 
-9 0 0 -9 0 1 
-9 0 0 -9 0 1 
-9 0 0 -9 0 1 
-9 0 0 -9 0 1 
-9 0 0 -9 0 1 
-9 0 0 -9 0 1 
-9 0 0 -9 0 1 
-9 0 0 -9 0 1 
-9 0 0 -9 0 1 
-9 0 0 -9 0 1 
-9 0 0 -9 0 1 
-9 0 0 -9 0 1 
-9 0 0 -9 0 1 
-9 0 0 -9 0 1 
-9 0 0 -9 0 1 
-9 0 0 -9 0 1 
-9 0 0 -9 0 1 
-9 0 0 -9 0 1 // 168
-9 0 0 -9 0 1 
-9 0 0 -9 0 1 
-9 0 0 -9 0 1 
-9 0 0 -9 0 1 
-9 0 0 -9 0 1 
-9 0 0 -9 0 1 
-9 0 0 -9 0 1 
-9 0 0 -9 0 1 
-9 0 0 -9 0 1 
-9 0 0 -9 0 1 
-9 0 0 -9 0 1 
-9 0 0 -9 0 1 
-9 0 0 -9 0 1 
-9 0 0 -9 0 1 
-9 0 0 -9 0 1 
-9 0 0 -9 0 1 // 184
-9 0 0 -9 0 1 
5 7 0 5 7 1  // ;
1 8 0 1 8 1  // =
6 6 0 6 6 1  // 
1 7 0 1 7 1  // -
6 7 0 6 7 1  // .
6 8 0 6 8 1  // /
4 8 0 4 8 1  // @
-9 0 0 -9 0 1 
-9 0 0 -9 0 1 
-9 0 0 -9 0 1 
-9 0 0 -9 0 1 // 196
-9 0 0 -9 0 1 
-9 0 0 -9 0 1 
-9 0 0 -9 0 1 
-9 0 0 -9 0 1 
-9 0 0 -9 0 1 
-9 0 0 -9 0 1 
-9 0 0 -9 0 1 
-9 0 0 -9 0 1 
-9 0 0 -9 0 1 
-9 0 0 -9 0 1 
-9 0 0 -9 0 1 
-9 0 0 -9 0 1 
-9 0 0 -9 0 1 
-9 0 0 -9 0 1 
-9 0 0 -9 0 1 
-9 0 0 -9 0 1 // 212
-9 0 0 -9 0 1 
-9 0 0 -9 0 1 
-9 0 0 -9 0 1 
-9 0 0 -9 0 1 // 216
-9 0 0 -9 0 1 
-9 0 0 -9 0 1 
3 8 0 3 8 1  // [
7 8 0 7 8 1  // \ 
5 8 0 5 8 1  // ]
2 8 0 2 8 1  // #
4 7 0 4 7 1  // `
-9 0 0 -9 0 1 // 224
-9 0 0 -9 0 1 
-9 0 0 -9 0 1 
-9 0 0 -9 0 1 
-9 0 0 -9 0 1 
-9 0 0 -9 0 1 
-9 0 0 -9 0 1 
-9 0 0 -9 0 1 
-9 0 0 -9 0 1 
-9 0 0 -9 0 1 
-9 0 0 -9 0 1 
-9 0 0 -9 0 1 
-9 0 0 -9 0 1 
-9 0 0 -9 0 1 
-9 0 0 -9 0 1 
-9 0 0 -9 0 1 
-9 0 0 -9 0 1 // 240
-9 0 0 -9 0 1 
-9 0 0 -9 0 1 
-9 0 0 -9 0 1 
-9 0 0 -9 0 1 
-9 0 0 -9 0 1 
-9 0 0 -9 0 1 
-9 0 0 -9 0 1 
-9 0 0 -9 0 1 
-9 0 0 -9 0 1 
-9 0 0 -9 0 1 // 250
-9 0 0 -9 0 1 
-9 0 0 -9 0 1 
-9 0 0 -9 0 1 
-9 0 0 -9 0 1 
-9 0 0 -9 0 1 // 255
